15.05 15.49 19.29 13.26 14.74 15.71 16.57 14.71 14.23 16.39 15.72 17.32 13.57 13.45 13.52 15.66 14.32 14.59 15.46 13.29 13.48 15.85 16.06 13.01 15.65 14.25 16.18 14.64 14.63 16.62 15.39 14.53 15.98 17.19 15.83 15.43 13.41 14.00 13.61 13.80 15.38 15.11 15.15 14.91 15.31 15.08 15.92 16.36 14.65 13.66 14.09 15.94 16.00 15.90 12.21 13.42 15.62 14.00 13.94 14.62 17.18 14.47 15.24 15.16
14.65 16.90 19.88 15.82 15.13 16.75 17.49 16.93 16.57 16.18 17.59 18.83 13.91 13.78 15.61 18.15 16.90 15.30 15.91 15.14 15.91 17.34 16.86 13.52 16.49 14.44 17.86 14.35 17.00 17.57 15.95 15.36 17.15 17.14 15.02 16.03 14.12 16.48 15.32 14.79 15.85 17.47 17.14 16.92 17.41 16.52 16.69 17.23 15.60 15.85 14.29 16.97 16.99 16.05 13.48 14.46 16.03 15.59 16.76 16.96 16.91 15.67 16.16 17.63
15.00 17.06 18.75 16.43 14.19 16.07 17.10 16.43 16.06 16.55 17.16 18.99 14.67 13.70 14.14 17.74 15.47 14.66 15.21 13.11 14.41 17.23 16.46 13.61 15.91 14.01 18.19 15.07 15.42 16.16 16.41 14.75 16.12 18.09 14.46 16.67 15.00 15.62 15.62 14.72 15.76 15.82 15.91 16.85 17.22 15.63 15.98 16.54 16.14 14.98 14.53 15.57 15.47 15.31 12.99 13.37 15.90 13.42 16.50 14.21 16.98 15.00 14.82 17.71
16.27 16.88 19.23 15.02 16.40 16.28 18.74 17.56 16.36 16.75 19.20 18.25 13.24 14.86 15.38 16.32 16.63 17.04 16.85 12.99 16.33 18.46 15.67 14.50 15.85 15.07 17.62 14.63 16.80 16.76 17.48 15.97 17.75 18.12 15.33 16.67 15.35 15.50 16.57 16.84 16.87 17.91 16.19 16.90 17.97 17.44 17.17 16.75 16.51 15.82 14.94 17.40 16.31 17.50 13.09 14.96 18.00 14.51 16.04 16.51 17.83 15.88 14.88 16.26
14.37 14.94 18.30 14.49 15.46 15.52 17.91 16.01 16.01 16.44 15.20 18.84 13.46 13.30 13.83 16.06 15.45 15.33 15.91 14.01 13.94 17.00 15.73 13.22 14.99 15.29 16.59 14.23 14.56 15.93 16.08 14.82 17.46 16.12 15.80 15.22 13.05 13.77 14.53 15.07 14.10 15.71 15.90 16.46 17.28 16.32 16.95 17.59 14.64 14.50 14.31 14.81 15.34 15.41 12.63 13.80 15.83 13.50 14.96 15.09 16.28 15.07 13.86 17.37
15.91 15.32 17.08 13.85 14.16 15.80 16.97 15.63 14.25 15.72 17.02 18.14 11.96 13.86 13.42 16.61 15.74 14.38 15.00 13.35 13.91 16.88 15.44 12.91 15.82 14.64 17.20 14.08 15.10 17.35 16.30 15.18 16.64 17.05 13.84 16.22 14.13 14.15 14.11 15.12 15.74 16.60 15.06 15.10 15.82 15.20 15.54 15.31 15.15 13.14 13.90 14.99 14.12 16.54 11.69 14.00 14.84 12.95 15.83 15.33 17.01 13.03 13.57 14.27
14.17 16.74 18.90 15.19 15.84 17.05 16.45 17.33 17.13 16.85 18.58 18.35 13.90 13.20 15.27 18.17 16.12 17.43 15.12 14.68 15.05 17.69 16.05 13.44 15.09 15.14 17.08 14.07 16.11 17.65 16.37 16.01 17.55 17.94 14.86 16.45 13.93 14.34 15.76 15.20 16.65 18.36 16.08 14.99 15.98 17.21 16.89 16.64 16.90 14.75 13.32 15.23 15.18 17.03 11.92 14.92 15.69 13.93 15.89 16.26 17.20 13.76 14.46 16.98
16.00 19.12 21.41 16.03 18.05 18.07 19.69 19.45 18.11 18.66 19.26 20.66 15.67 15.16 17.74 19.23 18.53 17.29 18.01 15.99 16.70 19.98 17.41 15.13 18.06 17.34 19.38 17.47 18.02 18.24 18.57 16.54 19.51 19.52 18.13 19.46 15.79 17.72 18.12 18.02 17.51 19.75 18.11 19.40 19.41 19.13 18.64 19.03 16.49 17.38 18.10 19.08 18.53 17.75 14.54 15.31 18.00 15.60 17.56 18.41 19.61 16.89 17.75 19.19
17.14 17.79 20.77 16.17 17.85 17.38 18.93 17.97 17.90 18.38 19.84 20.06 15.43 14.78 16.44 18.00 16.65 16.19 14.94 15.22 17.64 19.66 17.29 15.54 16.49 17.37 18.86 15.73 15.97 17.50 18.58 17.79 19.60 19.88 16.70 16.84 15.75 17.11 15.89 18.64 17.95 17.08 17.30 16.67 19.62 18.50 17.80 17.64 17.30 16.15 14.99 17.58 17.45 17.37 13.78 15.64 18.67 14.78 16.61 15.61 18.26 17.14 15.65 19.60
16.67 16.54 18.59 15.67 15.24 16.45 19.03 15.81 15.12 17.05 16.56 19.46 13.41 15.47 14.64 16.77 16.47 14.94 16.48 13.46 15.52 17.31 17.68 13.87 16.17 15.50 17.84 15.28 15.88 18.34 16.90 16.37 17.61 17.73 15.65 17.51 14.92 14.43 14.45 15.62 15.59 16.05 16.85 15.45 16.53 16.50 16.25 16.82 15.20 14.13 14.00 15.93 15.36 17.35 13.43 13.97 16.37 14.40 15.89 15.34 17.16 14.56 15.03 16.66
17.56 20.45 21.45 17.74 17.95 18.37 19.98 20.15 17.30 20.43 20.82 21.76 15.31 16.73 17.19 19.27 18.82 17.56 18.31 16.91 16.26 19.59 17.99 16.42 18.68 18.48 19.79 16.75 19.39 20.06 19.64 18.10 19.88 20.62 17.60 17.61 17.00 17.57 17.24 18.30 17.28 18.97 17.95 19.11 20.88 19.23 19.85 18.85 18.13 17.35 19.19 19.52 17.78 18.69 14.87 16.43 18.67 16.27 18.87 18.73 19.98 17.03 17.50 19.25
16.59 16.45 20.09 15.77 16.40 16.72 17.79 16.03 16.63 16.95 17.93 18.76 14.77 14.75 16.42 17.64 16.61 15.32 15.07 13.71 16.08 17.97 15.17 14.69 16.81 13.87 18.90 15.73 16.18 16.32 16.68 15.60 17.24 18.48 15.16 16.88 14.82 16.11 16.26 15.94 16.17 16.70 14.86 16.75 17.50 16.46 16.62 16.67 15.22 15.42 15.21 18.13 16.13 16.28 13.68 14.16 16.42 14.64 15.76 15.79 17.90 15.87 16.72 18.20
14.11 16.99 17.97 15.73 15.47 15.64 17.86 16.33 16.35 16.25 17.38 19.32 12.16 13.66 13.73 17.00 15.67 15.39 15.13 12.36 14.81 16.95 16.14 12.71 15.64 15.49 18.19 14.19 16.25 16.70 16.09 14.91 17.23 17.01 13.17 16.81 13.31 13.92 16.08 13.48 15.51 17.43 16.26 15.23 15.29 16.85 17.36 16.87 15.74 13.86 13.02 16.66 15.80 15.03 13.60 14.04 15.66 13.74 17.56 15.09 15.81 14.35 14.26 16.87
15.20 16.71 18.20 15.65 14.73 16.36 17.21 16.44 17.33 17.85 16.93 18.43 14.19 13.39 15.01 17.04 15.01 14.88 14.86 14.17 14.70 17.62 14.99 14.80 15.73 15.61 17.37 14.28 15.04 16.74 15.82 16.22 17.14 18.09 14.33 15.60 14.10 15.63 15.32 15.57 16.08 16.90 15.47 15.42 17.59 16.73 16.60 17.44 14.61 14.91 13.76 16.55 15.60 15.82 12.79 14.55 15.09 13.71 15.91 14.67 17.07 15.13 15.17 17.12
14.79 15.74 19.65 14.59 16.09 16.89 17.40 16.29 16.32 17.25 17.87 18.48 14.31 14.67 14.47 16.54 15.15 15.29 16.27 13.16 16.10 17.65 16.34 14.57 15.80 14.77 17.55 14.22 15.31 16.17 15.41 15.62 16.57 18.04 15.52 16.22 15.09 14.83 15.60 14.45 16.00 16.30 15.44 15.27 17.16 15.91 15.71 15.68 15.52 15.40 14.41 16.18 15.11 16.04 11.88 14.79 15.42 14.62 15.95 16.51 17.44 15.21 15.04 16.84
13.49 14.84 17.71 13.72 15.02 14.86 16.87 15.96 12.96 14.65 16.47 16.59 12.00 13.88 14.33 15.33 15.11 14.44 14.28 12.27 14.50 16.49 14.88 12.54 15.35 13.51 16.01 13.46 15.49 15.13 15.02 13.35 16.01 15.28 13.83 15.38 12.59 14.29 13.51 14.05 14.31 16.18 15.04 14.83 16.33 14.39 15.83 15.72 14.46 14.21 14.25 16.19 15.88 14.04 12.25 13.59 16.08 13.12 14.04 13.97 15.32 13.93 13.89 15.31
15.19 16.34 17.38 15.03 15.24 16.04 18.33 15.90 13.88 16.61 16.72 18.52 13.33 15.05 14.30 16.32 15.87 14.80 14.28 12.63 15.05 16.37 15.58 14.13 16.25 14.45 17.46 15.39 15.68 16.24 16.12 15.38 16.73 17.47 15.13 14.66 13.33 14.35 14.16 15.72 15.15 14.77 15.59 15.71 16.28 16.56 16.20 16.53 14.84 15.11 14.21 15.91 15.04 16.13 13.77 14.23 16.21 13.71 15.51 15.08 16.64 16.06 14.12 17.18
17.03 19.33 20.61 17.63 16.56 17.63 18.67 18.88 16.84 18.25 19.68 20.24 15.13 16.15 17.37 18.02 18.48 19.00 16.63 14.54 16.93 19.93 17.12 15.47 16.59 16.76 19.34 15.26 18.98 18.58 19.33 17.51 19.76 18.81 17.30 17.16 16.01 16.54 17.56 17.26 16.64 18.33 17.73 17.70 19.40 18.07 17.92 18.83 17.61 16.65 16.05 18.58 16.51 16.55 15.92 16.00 20.22 16.19 17.16 17.57 19.18 17.04 16.16 18.92
14.17 14.71 18.36 15.11 14.92 15.74 17.62 16.60 13.69 15.85 16.96 17.28 12.75 14.41 14.53 16.95 17.18 16.57 14.87 12.93 15.24 17.06 16.21 13.24 14.18 14.23 17.88 14.51 14.83 15.85 15.47 14.28 16.43 17.47 14.96 16.06 13.91 14.88 14.80 15.50 15.30 15.80 16.11 15.89 16.16 15.64 15.07 15.36 16.38 15.35 13.72 16.18 15.23 14.43 12.30 15.12 16.72 14.54 15.44 15.08 17.62 14.42 13.40 16.34
16.48 16.94 19.38 15.74 15.58 16.23 18.37 16.79 16.73 17.31 17.07 19.59 13.98 14.05 15.87 16.94 16.07 15.52 16.31 14.13 15.30 17.34 16.87 14.98 16.27 16.02 17.66 14.77 15.60 17.57 16.79 16.10 17.01 17.96 15.43 16.79 15.16 16.83 15.28 17.05 16.94 16.68 16.77 15.68 18.63 15.69 15.85 16.74 15.22 15.34 14.88 16.15 16.60 17.39 12.78 14.65 16.13 14.80 17.05 16.24 18.72 13.98 15.02 16.59
15.92 15.58 18.21 14.42 15.95 16.85 17.02 17.42 15.51 17.44 17.13 17.70 14.24 14.40 15.40 16.94 16.29 15.90 14.35 13.22 15.72 17.78 16.49 15.83 16.12 15.49 16.60 16.16 15.52 17.22 17.48 14.72 17.25 17.53 14.15 15.52 15.30 16.60 15.11 17.85 15.68 15.70 14.99 15.57 18.77 16.97 15.25 15.50 15.64 14.26 16.39 17.56 15.47 16.57 13.08 15.26 16.43 13.92 16.15 15.11 17.20 15.21 15.20 16.59
17.51 17.70 20.96 16.19 17.81 17.38 19.48 17.98 17.04 19.26 20.15 21.68 14.69 16.36 16.64 18.36 18.47 18.51 16.18 14.63 16.84 18.87 17.58 16.55 17.54 17.14 19.55 15.25 18.08 18.21 18.85 17.02 18.88 18.91 16.87 17.46 17.26 16.51 17.47 17.09 16.95 19.21 16.61 17.12 18.99 18.72 17.02 18.05 16.90 15.90 15.73 17.69 16.58 17.97 14.74 16.52 19.23 16.46 17.59 18.59 19.66 16.05 16.30 17.76
16.16 17.27 20.03 16.05 15.84 16.77 18.97 16.22 14.60 18.29 17.87 19.97 14.71 15.10 15.85 17.46 17.29 15.91 15.96 13.10 15.84 18.81 17.26 14.35 15.96 15.49 19.32 15.27 15.60 17.36 17.03 16.48 17.54 18.26 16.13 17.41 15.83 15.64 15.15 15.46 16.98 15.67 16.61 15.25 16.86 16.55 16.18 16.89 14.68 16.05 14.83 17.52 15.43 15.91 14.11 14.92 17.19 15.56 16.08 15.40 16.93 15.87 15.36 16.82
15.99 17.46 19.42 15.28 15.39 16.75 18.59 16.63 16.05 17.66 16.94 18.94 14.79 14.34 15.37 16.93 16.35 15.07 17.30 13.41 15.03 18.08 16.65 13.71 17.01 15.37 17.29 14.97 17.03 18.72 17.61 16.54 16.44 18.26 14.53 15.73 15.45 14.61 14.25 16.47 16.50 17.06 16.90 15.43 17.76 16.41 17.36 16.68 15.45 15.38 14.87 16.67 15.03 15.76 12.11 15.73 15.04 14.09 16.21 15.25 16.79 14.50 14.73 17.95
14.91 15.42 18.56 14.51 14.88 15.58 16.04 15.54 13.81 14.88 16.23 17.49 13.22 13.80 14.04 15.33 13.91 14.36 14.56 13.12 14.19 17.00 14.54 13.69 14.74 13.63 15.79 13.57 13.89 16.76 16.18 15.43 15.63 16.24 13.02 15.01 13.17 12.30 13.62 15.13 15.07 14.78 15.03 14.66 16.95 14.95 14.22 14.98 14.54 13.98 13.16 16.05 13.61 16.11 10.96 13.18 15.62 13.11 13.80 13.93 15.60 14.62 13.74 15.41
15.07 15.05 16.97 14.29 15.05 15.64 17.12 15.23 13.33 15.98 15.79 17.09 13.10 14.40 14.26 14.79 15.94 14.26 13.33 11.74 13.74 16.41 15.10 13.97 15.47 13.60 15.91 15.39 15.14 15.55 15.59 13.47 16.23 16.79 14.57 14.41 12.45 12.55 13.54 15.63 14.05 14.77 14.41 14.90 15.82 15.23 15.63 15.26 14.75 14.13 13.94 16.86 13.59 14.92 12.55 13.26 15.81 12.71 15.04 14.74 16.07 15.09 13.22 16.46
14.95 16.17 17.89 14.85 13.70 15.87 16.61 15.30 14.73 15.85 16.97 18.08 13.26 12.80 13.80 16.92 15.61 15.08 14.18 12.85 13.63 16.06 16.16 13.98 15.21 13.59 16.17 14.67 15.30 15.47 15.91 14.60 16.35 15.69 14.71 15.05 14.23 14.34 14.41 15.17 15.70 14.81 15.33 14.63 16.58 15.30 16.59 16.28 15.31 13.90 13.22 14.82 15.27 15.47 12.96 14.00 16.33 12.65 15.92 13.52 16.47 14.37 13.89 16.78
14.32 15.18 18.15 16.13 15.47 15.00 17.57 16.03 15.05 16.14 16.18 17.59 12.34 14.48 13.90 15.45 14.86 14.68 14.91 13.35 15.33 16.22 16.65 14.05 14.69 14.21 16.71 13.74 15.23 15.84 15.27 14.77 16.44 16.95 13.36 15.62 14.20 14.69 15.89 14.65 14.34 15.47 15.99 15.29 17.28 15.83 14.29 15.56 14.42 13.88 14.80 15.64 14.54 15.13 12.60 14.25 17.01 13.53 15.94 16.01 15.71 13.80 14.27 16.40
15.06 17.35 20.50 15.73 16.47 15.82 19.23 17.42 16.85 18.59 17.69 19.69 13.07 15.23 15.35 18.60 16.36 15.40 16.50 14.90 15.98 16.98 16.10 14.67 16.13 15.69 18.57 15.82 15.76 18.12 15.98 16.68 18.70 18.50 17.33 16.87 14.70 14.97 16.15 15.31 15.49 17.62 16.33 16.19 17.01 18.45 16.33 18.54 16.70 16.28 15.35 16.88 16.23 15.83 13.85 13.95 16.79 15.43 16.19 16.60 17.83 16.27 15.12 19.36
15.92 15.17 17.74 14.29 14.70 15.48 16.50 14.46 14.07 15.77 16.99 17.30 12.31 13.76 13.37 14.92 14.49 13.26 13.76 12.87 14.56 16.26 14.66 13.86 15.35 14.09 16.38 13.77 14.99 15.29 15.45 14.54 16.17 16.05 13.80 13.82 15.44 15.50 14.02 14.49 13.97 14.14 13.93 15.16 16.88 14.85 14.22 14.45 15.10 12.76 13.93 16.43 14.74 14.73 11.84 13.43 15.22 14.03 15.09 14.63 15.88 14.41 14.99 16.07
15.02 18.67 19.05 15.35 16.15 16.20 18.18 16.59 14.65 17.69 16.80 18.50 13.50 13.86 14.86 17.02 16.69 16.60 16.12 13.86 15.01 16.74 16.80 13.57 16.82 15.45 17.65 14.88 16.94 17.35 16.58 15.94 17.48 17.65 16.96 16.03 15.13 15.78 14.76 15.30 15.03 17.36 16.53 16.40 16.92 16.87 16.98 17.55 16.07 15.26 15.08 15.69 15.98 15.46 13.54 14.94 16.78 13.64 15.47 15.25 17.42 14.96 15.45 17.18
17.80 17.98 21.28 16.23 17.17 18.05 20.10 18.23 16.10 19.20 20.65 21.78 15.81 15.96 17.68 18.97 17.91 16.61 15.90 14.96 16.76 19.53 17.28 15.33 17.46 16.80 20.35 17.06 17.85 19.66 17.79 17.15 18.92 19.65 16.51 17.38 16.44 17.39 16.72 16.39 18.13 18.47 17.02 17.52 19.14 19.28 17.20 17.73 18.25 15.98 17.44 20.12 16.64 17.45 14.12 16.88 18.93 16.40 18.93 18.44 19.90 16.92 15.97 17.80
15.76 16.21 19.51 14.83 17.21 16.43 17.46 17.20 16.34 17.08 17.75 19.23 14.32 14.67 16.13 17.68 16.69 16.10 15.59 15.07 16.21 17.30 16.82 14.77 15.39 15.27 17.33 14.89 15.13 17.07 16.46 17.47 17.73 18.86 15.64 17.46 14.15 16.05 15.24 15.85 16.46 17.48 15.70 15.92 17.12 16.54 16.33 15.98 15.37 16.28 15.94 17.45 16.97 16.37 12.47 14.45 16.34 14.59 14.92 16.19 17.98 14.92 16.11 17.10
15.40 16.26 18.56 15.04 14.14 17.21 16.37 16.16 14.71 14.99 17.35 19.32 14.08 14.09 14.31 16.34 14.42 14.65 14.26 13.00 14.66 17.60 15.67 12.30 15.74 13.36 17.47 14.37 15.53 16.67 17.20 15.00 16.38 16.11 14.87 14.64 13.33 13.86 14.47 15.20 15.47 15.76 16.33 15.78 16.89 15.91 16.22 15.37 15.57 14.41 13.80 15.09 14.79 15.65 12.75 14.41 14.82 14.17 16.18 15.23 16.14 15.11 14.33 17.51
14.21 15.60 18.20 15.18 15.08 16.45 17.14 16.39 15.79 16.05 17.30 19.15 12.97 12.62 14.32 16.95 16.94 15.72 15.92 12.66 14.84 15.64 15.51 13.26 14.77 14.48 17.07 14.54 15.08 15.31 16.05 15.69 17.64 16.92 15.95 15.68 14.12 14.67 15.74 14.92 15.24 16.85 15.25 15.89 15.34 16.58 15.70 16.12 14.70 14.80 13.13 15.03 15.62 15.74 12.77 13.59 15.85 14.73 15.90 15.23 16.62 15.17 14.90 16.80
15.48 18.76 21.04 17.51 17.62 18.18 19.01 18.73 18.01 18.23 19.53 21.68 15.78 15.02 17.39 19.49 18.61 17.96 17.19 16.06 16.70 19.05 17.15 15.98 18.25 16.29 19.74 16.28 18.55 19.55 18.38 16.38 20.11 18.79 16.87 17.57 15.85 16.28 17.18 17.01 16.84 18.99 17.03 18.27 19.55 18.72 19.10 18.66 16.85 17.17 17.05 18.82 18.11 17.75 14.55 15.57 18.71 15.54 18.59 17.78 19.44 17.24 18.14 19.44
16.15 18.86 19.72 17.32 16.61 19.20 18.84 16.61 16.36 18.91 18.45 19.50 15.88 14.49 16.69 16.79 17.62 17.20 15.91 15.55 15.94 17.92 18.12 15.54 17.16 16.38 19.16 15.97 16.62 17.39 17.63 15.98 18.60 19.38 16.38 16.68 15.22 16.45 16.47 16.81 16.17 17.03 17.64 17.56 19.29 16.71 17.78 16.71 16.86 15.90 15.25 17.48 16.75 16.90 13.77 15.40 17.30 14.41 17.97 16.77 17.84 15.54 16.17 19.22
13.50 13.44 17.78 13.49 13.93 14.78 14.93 15.72 14.29 13.83 15.80 15.19 12.15 13.43 14.35 15.03 13.97 13.31 13.62 12.86 13.87 15.46 14.46 12.28 13.64 12.61 15.30 11.87 13.52 14.70 14.69 12.50 15.58 15.58 12.92 14.04 12.78 12.70 13.87 14.10 13.46 14.09 13.30 13.71 15.66 14.26 15.26 14.03 13.94 13.20 13.43 14.52 13.69 14.87 11.49 11.96 15.43 12.17 12.87 13.81 15.00 13.87 12.51 15.66
15.81 17.03 20.52 15.58 17.83 17.87 19.44 16.44 15.96 17.00 18.73 18.69 14.90 15.61 17.00 16.62 16.20 15.56 14.57 13.41 16.44 17.79 16.19 14.79 18.62 14.61 18.94 16.90 16.77 17.83 17.11 15.72 17.27 18.22 15.36 17.38 14.18 16.81 15.56 17.32 16.04 17.44 16.15 17.82 19.02 17.28 16.05 17.56 15.63 15.74 16.08 17.71 15.99 16.51 14.17 14.67 18.16 13.77 16.55 16.63 17.81 15.97 16.48 18.45
15.93 17.25 19.69 16.13 16.76 17.86 18.02 18.04 16.29 17.49 18.57 19.19 15.86 15.16 17.03 18.08 16.50 17.34 15.74 16.23 15.62 19.28 17.55 15.24 16.28 15.63 19.08 16.20 16.24 17.58 18.12 14.37 18.20 19.41 15.30 16.34 15.84 16.04 16.29 16.04 16.39 16.75 16.80 17.37 18.11 18.04 18.11 16.62 17.41 15.99 16.85 18.23 17.55 18.33 14.18 15.18 17.82 14.37 16.97 16.66 17.51 16.34 16.83 18.84
16.49 18.33 19.13 16.12 15.76 17.40 17.71 17.68 16.27 18.07 18.41 19.31 13.95 13.47 14.43 17.96 16.25 16.52 15.59 15.46 15.46 17.33 17.40 13.33 16.57 15.93 17.90 13.86 15.92 17.58 15.92 15.47 17.63 19.53 15.10 16.88 15.23 17.21 16.40 15.32 16.81 16.27 16.47 16.66 17.68 16.72 18.06 16.68 17.39 14.88 15.31 15.56 16.96 16.71 12.39 15.14 17.35 13.76 16.60 17.63 17.87 14.59 15.09 16.31
15.81 16.60 19.92 15.07 15.76 15.13 18.61 17.77 15.63 17.85 17.09 18.91 12.94 14.99 13.84 16.90 16.56 15.90 16.06 13.93 15.08 17.53 16.73 14.14 17.24 15.96 17.85 14.43 16.76 16.41 15.61 15.35 16.95 17.60 15.18 16.27 15.74 16.64 15.85 15.41 16.51 16.89 16.32 17.24 18.38 16.94 16.20 17.12 14.93 13.93 16.12 17.78 16.86 14.92 13.72 15.39 17.87 14.71 16.60 16.66 17.88 16.20 15.86 16.04
17.24 18.02 19.92 17.06 16.16 16.42 19.67 18.50 17.08 18.32 18.37 20.85 15.16 15.99 15.25 18.28 17.19 16.36 17.70 13.88 15.33 19.38 18.04 15.10 17.80 16.02 19.49 14.56 16.93 18.25 17.65 15.83 17.78 18.95 16.25 18.01 15.81 15.52 16.62 16.22 16.86 17.82 17.69 17.67 19.16 17.56 18.38 17.19 15.14 15.76 15.96 17.30 16.25 16.92 14.45 14.99 18.45 14.52 17.74 17.23 18.11 17.39 15.76 18.17
14.28 16.87 19.90 14.32 15.63 16.79 17.06 17.13 15.16 16.10 18.02 18.73 14.24 14.12 15.08 16.29 15.92 16.64 15.98 13.35 16.35 18.27 15.30 12.53 15.94 15.11 17.00 14.17 15.64 16.36 17.41 15.58 17.77 16.51 16.32 16.18 14.54 14.59 15.60 16.35 16.22 17.58 16.30 15.85 18.04 15.75 16.53 16.61 15.43 15.49 15.30 15.60 15.98 15.69 12.95 14.60 17.36 14.10 15.36 15.99 17.44 14.86 14.89 17.46
15.00 16.70 19.12 13.50 14.26 16.03 16.57 17.22 13.93 16.17 18.41 18.03 12.62 13.68 15.21 16.52 16.92 15.38 14.71 13.25 15.50 16.08 16.43 13.07 14.70 15.04 17.75 13.56 15.43 16.13 14.84 14.70 18.42 17.35 16.70 16.61 14.06 15.82 15.31 14.53 15.44 16.96 15.58 15.52 16.00 16.30 15.53 14.44 16.41 14.74 14.67 16.56 16.42 14.62 13.45 13.94 16.94 14.75 15.56 15.35 17.23 15.66 14.81 15.87
13.77 15.37 17.34 13.86 14.80 13.14 15.46 15.86 13.93 15.79 15.68 15.87 12.45 13.55 13.12 15.09 14.97 15.06 14.34 12.13 14.66 16.89 14.70 13.15 14.15 14.78 15.86 12.92 15.48 14.56 16.26 13.40 15.14 16.54 12.48 14.72 14.25 14.62 13.47 14.36 14.89 15.26 14.04 14.01 16.30 13.12 15.82 14.79 13.45 13.32 14.43 14.92 14.50 14.53 11.17 13.04 16.07 12.45 13.96 13.96 16.19 13.32 13.79 14.43
14.47 15.23 17.28 14.22 13.92 15.36 15.37 16.31 14.62 15.47 15.41 17.25 12.54 12.14 13.80 15.29 15.08 14.33 14.66 12.10 13.13 15.97 14.05 11.57 14.21 14.20 14.92 12.19 13.64 15.21 15.39 14.72 15.87 16.39 14.15 14.15 13.50 14.18 12.98 15.17 14.94 15.33 14.12 14.25 16.05 14.71 14.62 14.53 13.45 13.70 12.91 14.53 14.58 14.06 10.83 13.13 14.22 12.95 13.65 13.60 15.93 13.02 13.08 14.06
14.32 15.58 16.87 14.95 14.25 14.76 15.07 15.04 15.13 15.58 15.45 16.69 12.64 13.06 13.61 14.34 13.98 13.60 14.45 12.37 13.49 14.53 14.64 13.39 14.49 12.59 14.80 12.83 15.01 15.12 15.44 14.73 15.61 16.80 13.26 13.78 12.46 12.58 14.96 14.54 14.47 14.50 14.40 14.07 16.46 15.01 14.82 14.31 13.15 13.73 13.34 15.78 12.85 15.03 11.51 12.75 14.71 12.95 15.49 14.63 15.28 14.26 13.71 16.10
16.55 16.46 18.72 15.53 15.78 16.48 18.52 17.93 16.40 17.93 17.34 18.97 13.92 14.86 15.53 15.50 18.39 15.26 16.12 12.82 17.07 18.47 16.64 14.10 16.04 15.65 17.04 14.01 16.57 16.72 17.13 15.03 18.16 17.41 15.96 16.99 14.59 16.57 15.81 18.46 15.45 16.70 16.95 16.88 19.27 16.78 16.68 16.58 14.72 14.99 15.51 17.05 16.11 15.66 14.05 14.51 18.05 14.83 15.97 17.52 17.53 16.30 15.17 16.34
17.39 17.68 20.65 16.26 15.99 16.98 18.91 18.71 17.30 19.32 19.12 19.34 14.59 15.38 16.12 18.33 17.28 16.75 17.81 14.49 16.34 18.23 17.93 15.13 17.31 15.56 19.40 14.57 18.13 18.15 17.17 15.28 18.35 20.37 16.42 17.90 16.26 17.46 16.79 16.49 17.96 18.26 17.62 16.31 18.24 17.41 18.05 17.46 16.66 15.69 15.48 18.22 18.19 18.14 14.68 15.36 18.54 15.24 17.71 16.27 18.74 16.45 16.70 18.46
16.92 17.17 20.18 16.09 17.28 18.49 19.05 17.83 17.60 18.64 19.07 20.35 15.72 15.33 16.25 19.29 18.02 17.40 17.00 14.90 16.59 18.81 18.62 15.90 17.37 16.96 18.75 15.46 18.05 19.29 18.11 16.03 19.23 19.78 15.23 16.90 17.73 16.84 16.39 16.70 16.47 18.15 16.54 16.47 18.78 18.56 18.02 18.52 17.29 16.10 15.67 18.30 17.09 18.52 13.92 16.67 17.92 14.73 18.18 16.63 19.57 16.50 16.15 17.86
15.69 16.57 21.21 16.74 17.23 17.96 19.60 18.75 17.81 18.48 19.78 20.35 14.82 16.06 16.84 18.68 18.31 16.92 17.01 15.85 17.13 18.46 16.22 16.02 17.09 16.87 18.94 15.44 16.62 18.98 17.26 15.85 19.30 19.11 16.76 16.97 15.83 15.88 16.62 17.98 16.32 18.03 16.69 17.68 19.18 18.97 17.20 18.18 16.84 15.78 15.65 18.45 16.66 17.98 13.83 14.87 19.13 15.73 16.58 16.48 20.21 16.65 17.25 19.24
17.04 18.50 20.95 16.82 16.15 17.41 19.23 18.23 17.72 19.03 20.57 20.05 15.29 16.22 16.19 18.25 17.55 17.01 16.52 14.85 16.54 19.08 18.43 15.01 17.68 15.46 18.43 15.78 17.13 18.28 17.55 17.63 19.37 19.63 17.57 17.51 15.14 15.21 16.98 17.08 17.88 18.92 18.86 16.80 19.40 18.75 17.06 16.53 17.92 16.78 15.34 18.46 16.28 17.07 14.30 16.81 18.38 15.64 18.97 16.87 17.80 16.77 16.45 19.04
14.82 16.25 19.74 16.86 15.78 17.40 18.58 17.96 15.41 16.71 17.69 18.69 14.48 15.01 15.71 19.00 16.96 16.10 17.32 14.72 16.14 17.74 16.01 13.83 16.65 13.75 17.82 15.90 16.11 17.74 16.43 15.58 17.17 17.90 15.05 16.44 15.10 15.52 15.42 15.48 16.92 17.04 16.18 16.42 17.45 15.62 16.97 16.88 15.85 16.24 16.37 17.57 16.66 16.45 12.22 14.90 17.28 15.57 16.72 16.30 18.42 14.99 16.41 18.89
16.42 18.75 20.26 16.84 16.23 18.00 19.21 18.19 15.98 19.15 19.43 19.51 15.09 15.70 15.28 18.22 15.71 16.06 15.42 15.76 16.08 19.77 17.28 14.43 17.46 16.87 18.31 16.50 16.09 18.30 18.11 16.85 19.47 19.27 17.12 15.62 15.31 16.06 15.84 16.53 16.67 16.82 17.76 16.76 18.45 18.28 17.90 17.93 17.24 15.72 16.28 18.07 16.12 16.34 13.74 15.04 18.65 14.71 17.41 15.81 17.83 17.02 16.80 18.97
15.91 17.61 18.73 15.71 15.20 16.61 18.00 17.34 15.29 17.50 17.08 18.56 12.96 13.86 14.58 17.41 16.67 15.88 15.66 15.22 14.89 17.58 17.13 14.70 15.47 16.24 17.99 13.99 16.54 17.57 15.75 15.31 17.63 17.44 16.71 16.30 15.12 16.17 15.51 15.94 16.12 16.85 16.85 16.97 17.92 17.00 16.71 17.64 15.60 14.55 15.06 16.32 16.61 16.47 13.24 14.20 17.18 14.90 16.07 16.57 18.64 15.16 14.91 16.94
14.95 15.51 17.75 13.86 15.23 15.08 15.70 16.21 14.01 16.59 16.18 17.80 13.08 11.90 14.27 15.90 14.96 14.97 14.02 13.41 13.71 15.75 14.36 14.57 14.95 14.00 16.66 13.40 16.09 15.79 15.19 14.24 17.23 17.61 14.59 13.97 13.51 14.73 14.01 14.60 15.28 15.12 13.97 14.55 16.89 15.47 15.54 15.95 15.76 13.90 14.39 17.18 15.09 15.43 12.22 14.65 16.31 13.51 15.92 14.66 16.92 15.48 13.26 16.28
13.04 13.69 17.42 13.39 15.50 14.18 15.29 15.46 14.04 15.48 15.25 16.17 12.75 12.90 13.51 15.55 14.33 15.06 14.61 14.18 13.64 16.26 15.63 13.43 14.02 14.19 15.63 12.70 15.18 15.26 16.40 13.03 15.41 17.02 12.71 13.17 13.46 13.11 13.61 13.56 12.90 15.15 14.40 14.63 15.25 15.57 15.66 15.25 14.05 12.96 14.07 16.15 14.80 15.58 11.32 13.52 15.97 12.34 13.83 14.09 15.78 13.95 14.46 15.68
18.03 19.50 23.30 18.83 17.79 19.65 20.66 20.24 18.62 19.58 21.27 22.36 16.05 18.00 16.91 20.09 19.87 17.99 19.50 16.15 18.28 20.51 20.00 15.68 19.23 18.46 20.46 16.00 19.94 19.61 21.01 18.82 20.15 20.63 17.52 19.10 16.92 17.26 18.01 18.28 18.18 19.60 19.77 19.37 20.74 19.14 20.01 19.40 18.99 16.70 16.76 19.62 19.11 18.73 15.65 17.32 19.00 17.83 18.65 17.83 20.09 16.75 17.69 20.67
15.58 18.61 20.70 17.58 17.74 18.58 19.15 19.09 17.83 20.45 19.77 20.97 15.73 15.34 16.48 18.48 18.84 18.91 18.17 15.01 17.91 20.38 16.93 15.24 16.83 16.95 19.33 15.68 18.12 19.19 18.52 17.45 18.21 19.61 17.15 16.86 16.56 17.36 17.08 17.68 17.35 19.05 17.84 18.16 19.13 19.08 17.90 18.49 16.86 16.94 16.69 18.71 16.96 17.98 13.76 16.41 19.60 16.71 17.49 19.37 19.77 16.64 17.35 18.46
16.80 17.65 19.88 15.63 16.17 17.63 18.17 17.47 15.44 16.70 17.43 18.74 14.34 14.99 16.86 16.76 16.99 16.36 15.95 14.81 15.63 17.91 15.57 14.42 16.36 14.75 17.05 15.46 16.95 17.04 17.13 15.71 18.49 17.99 16.71 15.87 15.84 16.83 15.44 16.70 15.73 17.06 16.12 17.29 18.96 16.66 16.40 17.31 16.14 16.08 16.23 18.02 16.37 16.62 13.28 15.16 18.28 14.49 15.79 16.29 18.52 16.28 16.13 17.33
16.77 18.15 18.86 16.36 16.75 16.96 17.85 18.02 15.63 17.38 17.74 20.50 14.17 14.95 16.09 17.49 16.63 16.16 16.46 13.57 16.12 17.98 15.11 15.53 15.96 15.45 17.20 16.84 17.12 18.48 17.59 16.87 18.23 17.18 15.55 17.14 15.25 16.16 15.43 15.51 17.09 17.54 15.91 15.93 18.37 16.57 16.81 17.18 15.45 15.57 16.33 17.68 16.08 15.42 13.18 14.26 16.98 15.51 17.09 17.27 17.58 15.43 16.48 17.48
15.35 16.11 18.42 15.37 14.24 16.37 17.48 16.23 16.55 17.93 17.56 17.31 13.70 14.11 15.00 17.68 15.59 14.61 14.12 14.43 15.80 17.11 16.08 13.43 15.06 15.68 17.79 13.98 14.49 16.85 15.03 14.97 18.51 18.19 14.30 16.64 14.23 15.93 15.32 14.45 15.24 16.64 14.76 15.45 17.69 16.86 16.78 15.80 15.99 14.39 14.08 15.97 16.06 15.43 11.78 14.79 16.23 14.17 16.44 14.67 16.82 14.96 15.18 17.09
13.35 16.29 17.79 13.92 16.15 15.52 16.76 15.65 14.51 15.77 17.12 17.60 12.64 13.26 13.63 16.53 14.81 15.58 14.02 13.58 15.50 17.33 15.36 14.34 14.80 14.98 17.77 14.37 15.30 16.69 14.86 14.13 15.92 16.30 13.94 16.28 13.38 14.49 14.86 13.63 14.87 16.20 14.85 16.65 17.00 16.14 16.12 15.61 15.19 14.66 14.82 15.78 15.18 15.23 11.55 13.90 17.02 13.20 15.47 15.82 16.62 14.80 14.87 16.20
