15.05 15.49 19.30 13.26 14.74 15.71 16.56 14.71 14.23 16.39 15.73 17.33 13.57 13.45 13.52 15.66 14.32 14.59 15.46 13.29 13.48 15.85 16.06 13.02 15.65 14.24 16.19 14.64 14.62 16.61 15.39 14.52 15.98 17.19 15.84 15.43 13.41 13.99 13.61 13.80 15.38 15.10 15.15 14.91 15.30 15.09 15.91 16.36 14.65 13.66 14.09 15.94 16.00 15.91 12.21 13.41 15.62 14.00 13.94 14.62 17.19 14.47 15.24 15.16
14.65 16.89 19.88 15.82 15.13 16.75 17.48 16.92 16.56 16.17 17.59 18.83 13.91 13.78 15.61 18.16 16.91 15.30 15.91 15.14 15.91 17.33 16.86 13.52 16.48 14.45 17.86 14.35 17.00 17.58 15.95 15.36 17.14 17.14 15.02 16.03 14.12 16.47 15.32 14.79 15.84 17.47 17.14 16.92 17.41 16.52 16.69 17.23 15.60 15.85 14.29 16.97 17.00 16.05 13.48 14.46 16.03 15.59 16.77 16.95 16.91 15.67 16.16 17.62
15.01 17.06 18.75 16.44 14.20 16.06 17.11 16.44 16.06 16.55 17.16 19.00 14.67 13.70 14.14 17.73 15.47 14.66 15.20 13.11 14.41 17.23 16.47 13.61 15.91 14.01 18.19 15.07 15.41 16.16 16.41 14.75 16.11 18.09 14.45 16.67 15.00 15.62 15.62 14.72 15.77 15.82 15.91 16.86 17.22 15.63 15.98 16.55 16.14 14.98 14.52 15.57 15.47 15.31 12.99 13.38 15.90 13.42 16.50 14.21 16.98 15.00 14.82 17.70
16.28 16.88 19.23 15.02 16.41 16.28 18.73 17.56 16.36 16.75 19.20 18.25 13.24 14.86 15.38 16.31 16.64 17.05 16.86 12.99 16.33 18.45 15.67 14.50 15.84 15.07 17.62 14.62 16.80 16.77 17.48 15.97 17.75 18.12 15.33 16.67 15.35 15.50 16.56 16.84 16.88 17.91 16.19 16.91 17.97 17.44 17.17 16.75 16.52 15.83 14.95 17.41 16.31 17.50 13.09 14.96 18.00 14.51 16.05 16.52 17.83 15.88 14.88 16.27
14.37 14.94 18.30 14.49 15.46 15.52 17.91 16.02 16.02 16.44 15.20 18.84 13.46 13.30 13.84 16.06 15.45 15.33 15.91 14.01 13.94 17.00 15.73 13.23 14.99 15.30 16.59 14.23 14.56 15.94 16.08 14.82 17.45 16.11 15.80 15.22 13.05 13.77 14.53 15.07 14.10 15.70 15.91 16.45 17.28 16.31 16.95 17.59 14.64 14.50 14.31 14.80 15.34 15.41 12.62 13.80 15.83 13.50 14.95 15.09 16.28 15.07 13.86 17.38
15.91 15.32 17.08 13.85 14.16 15.80 16.97 15.63 14.25 15.72 17.02 18.14 11.97 13.86 13.42 16.61 15.74 14.38 14.99 13.35 13.91 16.88 15.45 12.91 15.82 14.64 17.20 14.08 15.10 17.34 16.30 15.18 16.64 17.05 13.84 16.22 14.12 14.15 14.11 15.12 15.74 16.61 15.06 15.10 15.82 15.20 15.55 15.31 15.16 13.14 13.90 14.98 14.12 16.53 11.69 14.00 14.84 12.95 15.83 15.34 17.02 13.02 13.57 14.27
14.17 16.73 18.89 15.20 15.84 17.05 16.45 17.33 17.14 16.84 18.58 18.36 13.90 13.20 15.27 18.17 16.12 17.42 15.12 14.68 15.05 17.69 16.05 13.45 15.09 15.14 17.08 14.07 16.11 17.64 16.38 16.02 17.55 17.94 14.86 16.45 13.93 14.34 15.77 15.20 16.64 18.36 16.08 14.98 15.98 17.20 16.89 16.64 16.91 14.75 13.32 15.23 15.18 17.03 11.92 14.91 15.69 13.94 15.89 16.25 17.20 13.76 14.46 16.97
16.00 19.12 21.41 16.03 18.05 18.06 19.69 19.45 18.11 18.66 19.27 20.66 15.67 15.16 17.73 19.23 18.53 17.28 18.02 15.99 16.70 19.97 17.42 15.13 18.06 17.34 19.38 17.47 18.02 18.25 18.56 16.55 19.52 19.52 18.14 19.47 15.79 17.72 18.12 18.02 17.52 19.75 18.11 19.41 19.41 19.12 18.64 19.03 16.48 17.38 18.09 19.08 18.53 17.75 14.54 15.31 18.00 15.60 17.56 18.41 19.61 16.89 17.75 19.19
17.14 17.80 20.78 16.17 17.84 17.38 18.94 17.97 17.89 18.38 19.84 20.06 15.43 14.77 16.44 18.00 16.64 16.19 14.94 15.22 17.64 19.66 17.30 15.55 16.50 17.38 18.86 15.73 15.97 17.50 18.58 17.80 19.59 19.89 16.70 16.84 15.75 17.11 15.89 18.64 17.95 17.08 17.30 16.67 19.61 18.50 17.80 17.64 17.30 16.14 14.99 17.58 17.45 17.38 13.78 15.64 18.67 14.78 16.61 15.61 18.27 17.14 15.66 19.59
16.67 16.55 18.59 15.67 15.24 16.45 19.03 15.81 15.12 17.05 16.56 19.45 13.41 15.48 14.64 16.78 16.47 14.95 16.48 13.46 15.52 17.31 17.67 13.88 16.17 15.50 17.84 15.28 15.88 18.34 16.89 16.38 17.61 17.73 15.66 17.50 14.92 14.43 14.45 15.62 15.59 16.05 16.86 15.45 16.53 16.50 16.25 16.83 15.20 14.13 14.00 15.93 15.36 17.36 13.43 13.97 16.36 14.40 15.89 15.34 17.16 14.55 15.03 16.66
17.56 20.45 21.45 17.73 17.94 18.36 19.98 20.14 17.30 20.44 20.83 21.75 15.31 16.73 17.19 19.27 18.81 17.56 18.31 16.91 16.27 19.59 17.98 16.42 18.67 18.48 19.78 16.75 19.39 20.06 19.64 18.09 19.88 20.62 17.61 17.61 17.00 17.58 17.23 18.30 17.28 18.97 17.95 19.11 20.88 19.23 19.84 18.84 18.12 17.34 19.19 19.53 17.78 18.69 14.87 16.44 18.67 16.28 18.88 18.73 19.98 17.03 17.50 19.25
16.59 16.44 20.09 15.77 16.41 16.72 17.80 16.03 16.62 16.95 17.92 18.77 14.77 14.75 16.42 17.64 16.61 15.32 15.07 13.71 16.08 17.97 15.16 14.69 16.81 13.88 18.91 15.73 16.17 16.33 16.67 15.60 17.25 18.48 15.16 16.88 14.82 16.11 16.27 15.95 16.17 16.70 14.86 16.75 17.50 16.45 16.61 16.67 15.22 15.42 15.21 18.12 16.12 16.28 13.68 14.16 16.42 14.64 15.76 15.79 17.91 15.87 16.72 18.20
14.11 16.98 17.97 15.73 15.47 15.64 17.86 16.33 16.36 16.25 17.38 19.33 12.16 13.66 13.73 17.00 15.67 15.39 15.13 12.36 14.80 16.95 16.14 12.71 15.64 15.49 18.19 14.19 16.25 16.70 16.09 14.91 17.23 17.02 13.16 16.81 13.31 13.92 16.08 13.48 15.52 17.42 16.27 15.23 15.29 16.84 17.36 16.88 15.74 13.86 13.02 16.66 15.80 15.03 13.60 14.04 15.66 13.74 17.56 15.09 15.81 14.34 14.26 16.88
15.20 16.70 18.20 15.65 14.73 16.36 17.22 16.44 17.33 17.84 16.94 18.44 14.19 13.38 15.01 17.05 15.01 14.88 14.86 14.16 14.70 17.62 14.99 14.80 15.73 15.61 17.38 14.28 15.04 16.73 15.82 16.22 17.14 18.09 14.33 15.60 14.10 15.62 15.32 15.57 16.08 16.89 15.47 15.42 17.59 16.73 16.59 17.44 14.61 14.91 13.77 16.55 15.60 15.82 12.79 14.55 15.09 13.71 15.91 14.67 17.08 15.12 15.17 17.11
14.79 15.73 19.64 14.59 16.09 16.89 17.41 16.30 16.31 17.25 17.88 18.48 14.30 14.67 14.47 16.55 15.16 15.28 16.27 13.16 16.11 17.64 16.33 14.57 15.80 14.77 17.55 14.23 15.31 16.17 15.41 15.62 16.58 18.05 15.52 16.22 15.09 14.83 15.60 14.45 16.00 16.30 15.45 15.27 17.16 15.91 15.71 15.68 15.52 15.40 14.41 16.17 15.12 16.03 11.88 14.79 15.42 14.62 15.95 16.50 17.44 15.20 15.05 16.84
13.49 14.84 17.72 13.73 15.02 14.86 16.86 15.96 12.95 14.65 16.47 16.59 11.99 13.88 14.33 15.33 15.11 14.45 14.28 12.27 14.50 16.48 14.88 12.55 15.34 13.51 16.02 13.46 15.48 15.13 15.02 13.35 16.00 15.28 13.84 15.38 12.59 14.29 13.52 14.05 14.30 16.19 15.04 14.83 16.33 14.38 15.83 15.72 14.46 14.20 14.25 16.19 15.88 14.04 12.25 13.59 16.08 13.12 14.04 13.97 15.33 13.93 13.89 15.30
15.19 16.34 17.38 15.03 15.24 16.03 18.33 15.90 13.88 16.61 16.72 18.52 13.33 15.05 14.30 16.33 15.88 14.80 14.28 12.63 15.05 16.38 15.59 14.13 16.25 14.45 17.45 15.39 15.68 16.23 16.12 15.38 16.73 17.47 15.13 14.66 13.34 14.35 14.16 15.72 15.15 14.77 15.59 15.70 16.28 16.56 16.20 16.53 14.84 15.12 14.21 15.91 15.05 16.12 13.77 14.23 16.20 13.71 15.51 15.08 16.64 16.06 14.12 17.19
17.03 19.33 20.61 17.62 16.56 17.64 18.67 18.88 16.84 18.25 19.67 20.23 15.12 16.16 17.38 18.02 18.48 19.00 16.62 14.54 16.92 19.94 17.12 15.47 16.59 16.77 19.34 15.26 18.98 18.58 19.33 17.52 19.75 18.81 17.30 17.16 16.02 16.55 17.56 17.27 16.64 18.33 17.73 17.70 19.41 18.06 17.92 18.83 17.61 16.66 16.05 18.58 16.52 16.55 15.92 16.00 20.22 16.19 17.17 17.58 19.19 17.05 16.17 18.92
14.16 14.70 18.36 15.11 14.92 15.74 17.62 16.59 13.69 15.84 16.97 17.28 12.75 14.41 14.53 16.95 17.17 16.56 14.88 12.92 15.24 17.06 16.22 13.24 14.18 14.23 17.89 14.52 14.83 15.84 15.48 14.28 16.42 17.47 14.95 16.06 13.91 14.88 14.80 15.50 15.30 15.80 16.11 15.89 16.17 15.64 15.07 15.36 16.38 15.34 13.73 16.19 15.23 14.43 12.30 15.12 16.72 14.54 15.44 15.09 17.62 14.41 13.41 16.34
16.48 16.94 19.39 15.74 15.58 16.23 18.38 16.80 16.73 17.31 17.06 19.59 13.98 14.05 15.88 16.94 16.08 15.52 16.31 14.13 15.30 17.34 16.88 14.98 16.27 16.03 17.66 14.77 15.59 17.56 16.80 16.11 17.00 17.97 15.43 16.80 15.16 16.83 15.28 17.05 16.94 16.69 16.77 15.68 18.62 15.69 15.85 16.73 15.22 15.34 14.88 16.14 16.59 17.39 12.78 14.66 16.12 14.80 17.05 16.23 18.72 13.98 15.02 16.59
15.92 15.59 18.22 14.42 15.95 16.84 17.02 17.42 15.51 17.44 17.12 17.70 14.24 14.41 15.40 16.94 16.30 15.90 14.35 13.22 15.73 17.78 16.48 15.83 16.12 15.49 16.59 16.16 15.52 17.22 17.48 14.73 17.25 17.53 14.15 15.52 15.30 16.59 15.11 17.86 15.68 15.70 14.99 15.57 18.77 16.97 15.25 15.51 15.65 14.26 16.39 17.56 15.48 16.56 13.08 15.26 16.44 13.92 16.16 15.11 17.20 15.21 15.20 16.59
17.52 17.70 20.95 16.19 17.81 17.38 19.48 17.98 17.05 19.27 20.14 21.69 14.69 16.36 16.64 18.36 18.47 18.52 16.19 14.63 16.84 18.88 17.58 16.55 17.55 17.14 19.55 15.25 18.08 18.20 18.84 17.02 18.88 18.92 16.88 17.47 17.27 16.52 17.47 17.09 16.95 19.20 16.61 17.12 18.98 18.72 17.02 18.05 16.89 15.91 15.73 17.69 16.58 17.97 14.74 16.52 19.23 16.45 17.59 18.59 19.67 16.05 16.30 17.75
16.16 17.28 20.03 16.05 15.84 16.77 18.97 16.22 14.59 18.30 17.86 19.97 14.70 15.09 15.85 17.47 17.28 15.91 15.96 13.09 15.84 18.81 17.27 14.35 15.96 15.48 19.31 15.27 15.60 17.36 17.03 16.47 17.53 18.27 16.12 17.41 15.84 15.63 15.15 15.46 16.98 15.67 16.61 15.25 16.86 16.55 16.17 16.89 14.68 16.05 14.84 17.52 15.43 15.91 14.11 14.92 17.19 15.55 16.08 15.40 16.92 15.87 15.36 16.81
15.99 17.47 19.42 15.28 15.39 16.75 18.59 16.62 16.05 17.66 16.94 18.94 14.79 14.34 15.37 16.94 16.34 15.07 17.30 13.41 15.03 18.08 16.66 13.71 17.02 15.37 17.28 14.98 17.03 18.72 17.61 16.53 16.44 18.25 14.52 15.73 15.45 14.61 14.26 16.47 16.50 17.06 16.91 15.43 17.77 16.41 17.36 16.67 15.45 15.38 14.88 16.67 15.03 15.76 12.10 15.73 15.05 14.09 16.20 15.25 16.80 14.50 14.73 17.95
14.91 15.41 18.56 14.51 14.88 15.58 16.03 15.54 13.81 14.88 16.23 17.48 13.22 13.80 14.03 15.33 13.91 14.37 14.55 13.12 14.19 17.00 14.55 13.69 14.74 13.63 15.79 13.57 13.89 16.77 16.19 15.43 15.63 16.23 13.02 15.01 13.17 12.30 13.62 15.13 15.07 14.78 15.03 14.66 16.95 14.95 14.23 14.98 14.55 13.98 13.16 16.06 13.61 16.11 10.96 13.18 15.62 13.11 13.80 13.93 15.59 14.62 13.74 15.41
15.08 15.05 16.97 14.29 15.05 15.64 17.12 15.23 13.33 15.98 15.79 17.09 13.10 14.40 14.26 14.79 15.94 14.26 13.33 11.74 13.73 16.41 15.10 13.97 15.48 13.59 15.91 15.38 15.14 15.55 15.59 13.47 16.23 16.80 14.57 14.41 12.45 12.55 13.54 15.63 14.05 14.77 14.41 14.91 15.82 15.23 15.63 15.26 14.76 14.13 13.94 16.86 13.59 14.92 12.55 13.26 15.81 12.71 15.04 14.74 16.08 15.09 13.23 16.47
14.95 16.17 17.89 14.85 13.70 15.88 16.61 15.30 14.73 15.85 16.97 18.08 13.26 12.80 13.80 16.92 15.61 15.08 14.18 12.85 13.63 16.06 16.16 13.98 15.21 13.59 16.17 14.67 15.30 15.47 15.91 14.60 16.36 15.69 14.71 15.05 14.23 14.34 14.41 15.17 15.70 14.80 15.34 14.62 16.58 15.30 16.59 16.28 15.31 13.91 13.23 14.81 15.27 15.47 12.96 14.00 16.33 12.65 15.92 13.52 16.47 14.37 13.88 16.78
14.32 15.18 18.16 16.14 15.47 15.00 17.56 16.03 15.05 16.14 16.17 17.59 12.34 14.48 13.91 15.45 14.86 14.68 14.91 13.35 15.34 16.22 16.66 14.05 14.70 14.21 16.70 13.74 15.23 15.84 15.27 14.77 16.44 16.95 13.36 15.62 14.20 14.69 15.89 14.65 14.34 15.47 15.98 15.28 17.28 15.83 14.29 15.55 14.42 13.88 14.80 15.64 14.55 15.12 12.60 14.25 17.02 13.53 15.94 16.02 15.71 13.80 14.27 16.41
15.06 17.34 20.50 15.73 16.47 15.82 19.23 17.42 16.84 18.59 17.69 19.69 13.07 15.23 15.35 18.61 16.36 15.40 16.50 14.91 15.98 16.97 16.09 14.67 16.12 15.70 18.58 15.82 15.76 18.12 15.98 16.69 18.70 18.50 17.33 16.88 14.70 14.97 16.14 15.30 15.48 17.62 16.33 16.19 17.02 18.45 16.33 18.53 16.70 16.28 15.35 16.88 16.23 15.83 13.85 13.95 16.78 15.43 16.19 16.59 17.83 16.27 15.12 19.36
15.92 15.17 17.73 14.29 14.70 15.48 16.50 14.46 14.07 15.77 16.98 17.30 12.30 13.77 13.38 14.91 14.49 13.27 13.76 12.88 14.55 16.27 14.66 13.87 15.35 14.09 16.39 13.77 14.99 15.29 15.45 14.54 16.17 16.05 13.80 13.81 15.45 15.50 14.02 14.49 13.97 14.14 13.93 15.16 16.89 14.84 14.23 14.45 15.10 12.76 13.93 16.44 14.74 14.73 11.84 13.44 15.22 14.03 15.09 14.63 15.88 14.41 14.99 16.06
15.02 18.67 19.05 15.35 16.14 16.20 18.19 16.59 14.65 17.69 16.80 18.50 13.50 13.86 14.86 17.02 16.69 16.61 16.12 13.87 15.01 16.73 16.80 13.57 16.81 15.45 17.66 14.88 16.94 17.34 16.58 15.95 17.48 17.66 16.95 16.03 15.13 15.78 14.77 15.30 15.03 17.36 16.53 16.41 16.92 16.88 16.98 17.55 16.06 15.27 15.08 15.69 15.98 15.46 13.54 14.95 16.78 13.63 15.47 15.26 17.42 14.96 15.45 17.19
17.80 17.98 21.28 16.23 17.17 18.06 20.09 18.23 16.09 19.20 20.66 21.78 15.80 15.95 17.67 18.97 17.91 16.61 15.90 14.96 16.75 19.53 17.28 15.34 17.45 16.80 20.34 17.06 17.86 19.66 17.78 17.16 18.92 19.66 16.52 17.38 16.44 17.39 16.72 16.39 18.12 18.47 17.02 17.52 19.14 19.28 17.20 17.73 18.25 15.98 17.44 20.11 16.64 17.45 14.12 16.88 18.92 16.39 18.94 18.44 19.91 16.92 15.97 17.80
15.77 16.20 19.50 14.83 17.20 16.44 17.45 17.20 16.34 17.08 17.75 19.23 14.32 14.66 16.12 17.67 16.69 16.11 15.59 15.07 16.20 17.30 16.83 14.77 15.39 15.27 17.33 14.90 15.12 17.06 16.47 17.47 17.73 18.86 15.64 17.47 14.15 16.05 15.24 15.85 16.45 17.48 15.70 15.91 17.12 16.53 16.33 15.98 15.37 16.28 15.95 17.45 16.97 16.38 12.47 14.45 16.34 14.59 14.92 16.19 17.98 14.92 16.11 17.11
15.40 16.25 18.56 15.05 14.14 17.20 16.38 16.16 14.71 14.99 17.34 19.31 14.09 14.09 14.30 16.34 14.41 14.65 14.27 13.00 14.66 17.61 15.67 12.30 15.73 13.36 17.47 14.37 15.52 16.67 17.19 15.00 16.39 16.11 14.87 14.64 13.33 13.86 14.48 15.20 15.48 15.76 16.33 15.77 16.89 15.91 16.22 15.38 15.57 14.41 13.80 15.09 14.79 15.66 12.75 14.41 14.82 14.16 16.19 15.23 16.14 15.12 14.34 17.52
14.21 15.59 18.20 15.18 15.08 16.45 17.14 16.39 15.79 16.05 17.30 19.16 12.97 12.62 14.32 16.95 16.94 15.72 15.92 12.66 14.84 15.63 15.52 13.26 14.77 14.48 17.08 14.54 15.09 15.31 16.05 15.70 17.64 16.92 15.95 15.68 14.12 14.66 15.74 14.91 15.24 16.86 15.25 15.88 15.34 16.58 15.70 16.12 14.70 14.80 13.12 15.02 15.62 15.74 12.77 13.59 15.84 14.73 15.90 15.23 16.62 15.17 14.90 16.80
15.48 18.77 21.05 17.52 17.62 18.17 19.02 18.73 18.02 18.22 19.53 21.69 15.78 15.02 17.39 19.48 18.61 17.97 17.19 16.06 16.70 19.05 17.16 15.98 18.25 16.28 19.73 16.28 18.55 19.55 18.38 16.38 20.11 18.80 16.88 17.56 15.85 16.28 17.19 17.02 16.84 19.00 17.03 18.27 19.55 18.72 19.09 18.66 16.84 17.17 17.05 18.81 18.11 17.75 14.55 15.57 18.70 15.54 18.59 17.78 19.44 17.23 18.14 19.44
16.16 18.86 19.72 17.31 16.61 19.20 18.84 16.61 16.36 18.91 18.45 19.50 15.88 14.49 16.69 16.78 17.62 17.20 15.91 15.55 15.94 17.92 18.12 15.54 17.16 16.38 19.16 15.97 16.62 17.39 17.62 15.98 18.61 19.38 16.38 16.67 15.23 16.45 16.47 16.81 16.17 17.03 17.64 17.56 19.30 16.70 17.78 16.70 16.86 15.90 15.25 17.47 16.75 16.89 13.77 15.40 17.30 14.41 17.97 16.77 17.84 15.54 16.17 19.22
13.50 13.45 17.78 13.48 13.93 14.77 14.93 15.72 14.29 13.83 15.80 15.20 12.15 13.44 14.35 15.02 13.97 13.31 13.62 12.86 13.87 15.45 14.46 12.28 13.64 12.61 15.30 11.87 13.52 14.70 14.70 12.50 15.58 15.58 12.92 14.05 12.78 12.70 13.88 14.10 13.46 14.09 13.30 13.71 15.66 14.26 15.26 14.03 13.94 13.20 13.43 14.52 13.69 14.87 11.48 11.96 15.43 12.17 12.87 13.80 15.00 13.88 12.51 15.66
15.81 17.03 20.52 15.59 17.83 17.88 19.44 16.44 15.96 17.00 18.73 18.69 14.90 15.61 17.00 16.62 16.20 15.56 14.57 13.41 16.44 17.78 16.19 14.79 18.62 14.61 18.94 16.91 16.77 17.83 17.11 15.72 17.27 18.22 15.37 17.38 14.18 16.81 15.56 17.33 16.05 17.44 16.16 17.81 19.02 17.28 16.05 17.56 15.63 15.74 16.08 17.70 15.98 16.52 14.17 14.67 18.16 13.77 16.55 16.62 17.81 15.97 16.48 18.45
15.93 17.25 19.69 16.12 16.75 17.86 18.02 18.03 16.30 17.48 18.58 19.19 15.86 15.16 17.03 18.08 16.50 17.34 15.73 16.23 15.62 19.28 17.55 15.23 16.28 15.63 19.08 16.20 16.23 17.58 18.11 14.38 18.19 19.41 15.30 16.33 15.84 16.05 16.30 16.05 16.39 16.75 16.80 17.38 18.11 18.03 18.11 16.62 17.41 15.99 16.84 18.23 17.55 18.33 14.18 15.18 17.83 14.37 16.97 16.66 17.52 16.34 16.83 18.84
16.48 18.33 19.14 16.11 15.76 17.41 17.70 17.67 16.28 18.06 18.41 19.31 13.95 13.47 14.42 17.95 16.25 16.52 15.59 15.46 15.46 17.33 17.39 13.33 16.56 15.94 17.91 13.86 15.92 17.58 15.92 15.47 17.64 19.53 15.09 16.88 15.23 17.20 16.41 15.32 16.81 16.27 16.47 16.66 17.67 16.72 18.06 16.67 17.39 14.88 15.30 15.56 16.97 16.70 12.39 15.14 17.36 13.77 16.61 17.62 17.88 14.59 15.09 16.31
15.81 16.61 19.92 15.07 15.77 15.13 18.61 17.77 15.62 17.84 17.09 18.92 12.94 14.99 13.84 16.91 16.56 15.90 16.06 13.94 15.08 17.53 16.72 14.14 17.23 15.96 17.84 14.43 16.75 16.41 15.61 15.34 16.95 17.59 15.18 16.27 15.74 16.64 15.85 15.41 16.50 16.89 16.33 17.23 18.38 16.94 16.20 17.12 14.93 13.94 16.12 17.78 16.86 14.91 13.73 15.39 17.88 14.70 16.59 16.66 17.88 16.20 15.86 16.05
17.25 18.02 19.92 17.06 16.16 16.42 19.67 18.50 17.08 18.31 18.36 20.84 15.16 15.98 15.25 18.28 17.19 16.36 17.70 13.88 15.33 19.39 18.05 15.10 17.80 16.03 19.48 14.55 16.94 18.25 17.66 15.84 17.78 18.95 16.25 18.02 15.81 15.52 16.62 16.22 16.86 17.83 17.69 17.67 19.16 17.56 18.38 17.19 15.15 15.77 15.95 17.30 16.25 16.92 14.45 14.98 18.45 14.52 17.73 17.23 18.11 17.39 15.76 18.17
14.28 16.88 19.91 14.32 15.62 16.78 17.06 17.12 15.16 16.09 18.02 18.73 14.23 14.12 15.08 16.28 15.91 16.64 15.98 13.35 16.34 18.27 15.30 12.53 15.94 15.11 17.00 14.17 15.64 16.36 17.41 15.58 17.77 16.50 16.33 16.17 14.55 14.59 15.60 16.34 16.22 17.58 16.30 15.85 18.03 15.75 16.53 16.61 15.43 15.48 15.30 15.60 15.98 15.69 12.95 14.59 17.36 14.10 15.37 15.99 17.44 14.87 14.89 17.47
15.00 16.70 19.11 13.50 14.26 16.03 16.56 17.22 13.93 16.17 18.41 18.03 12.62 13.69 15.21 16.52 16.92 15.38 14.71 13.25 15.50 16.08 16.44 13.07 14.70 15.05 17.75 13.56 15.43 16.12 14.84 14.70 18.42 17.34 16.70 16.61 14.05 15.82 15.31 14.53 15.44 16.95 15.58 15.52 16.00 16.30 15.52 14.44 16.41 14.73 14.67 16.56 16.42 14.62 13.45 13.95 16.94 14.75 15.55 15.34 17.22 15.66 14.81 15.87
13.77 15.38 17.34 13.86 14.80 13.13 15.46 15.86 13.93 15.80 15.68 15.87 12.45 13.55 13.12 15.09 14.98 15.06 14.34 12.13 14.66 16.89 14.70 13.15 14.15 14.78 15.86 12.92 15.48 14.55 16.27 13.40 15.14 16.55 12.48 14.72 14.25 14.62 13.47 14.36 14.90 15.26 14.05 14.01 16.30 13.12 15.82 14.79 13.45 13.32 14.43 14.92 14.50 14.53 11.17 13.04 16.08 12.45 13.95 13.96 16.19 13.32 13.79 14.43
14.47 15.23 17.28 14.22 13.92 15.36 15.37 16.31 14.62 15.47 15.41 17.25 12.54 12.14 13.80 15.29 15.08 14.33 14.66 12.10 13.13 15.97 14.05 11.57 14.21 14.20 14.92 12.20 13.64 15.21 15.39 14.72 15.88 16.39 14.15 14.16 13.50 14.17 12.98 15.16 14.94 15.33 14.12 14.24 16.05 14.71 14.62 14.52 13.45 13.70 12.91 14.53 14.58 14.05 10.83 13.13 14.22 12.95 13.65 13.60 15.93 13.02 13.08 14.06
14.31 15.58 16.88 14.95 14.24 14.76 15.07 15.04 15.13 15.58 15.45 16.69 12.64 13.06 13.61 14.34 13.98 13.60 14.45 12.38 13.49 14.53 14.64 13.39 14.49 12.59 14.80 12.84 15.01 15.12 15.44 14.73 15.61 16.80 13.26 13.78 12.46 12.58 14.96 14.54 14.48 14.51 14.41 14.07 16.45 15.01 14.83 14.30 13.15 13.73 13.34 15.78 12.85 15.03 11.51 12.76 14.71 12.95 15.49 14.63 15.28 14.26 13.71 16.11
16.55 16.45 18.72 15.53 15.78 16.48 18.52 17.94 16.39 17.94 17.33 18.97 13.92 14.86 15.53 15.51 18.39 15.27 16.12 12.82 17.06 18.47 16.64 14.09 16.05 15.65 17.05 14.01 16.58 16.72 17.12 15.03 18.16 17.41 15.96 16.98 14.59 16.56 15.81 18.47 15.45 16.70 16.95 16.89 19.27 16.78 16.69 16.58 14.73 14.99 15.51 17.05 16.11 15.66 14.05 14.51 18.05 14.83 15.98 17.52 17.53 16.30 15.17 16.34
17.39 17.67 20.66 16.25 15.98 16.97 18.91 18.70 17.30 19.31 19.11 19.34 14.59 15.38 16.12 18.33 17.28 16.75 17.81 14.49 16.34 18.22 17.92 15.12 17.31 15.56 19.41 14.58 18.12 18.16 17.17 15.28 18.34 20.38 16.42 17.91 16.27 17.47 16.80 16.50 17.95 18.27 17.61 16.31 18.25 17.41 18.05 17.45 16.66 15.69 15.48 18.22 18.19 18.14 14.69 15.37 18.53 15.24 17.72 16.28 18.73 16.45 16.70 18.45
16.92 17.17 20.19 16.09 17.28 18.48 19.06 17.83 17.59 18.64 19.06 20.36 15.73 15.34 16.25 19.30 18.02 17.39 17.00 14.90 16.59 18.81 18.62 15.90 17.36 16.97 18.75 15.46 18.05 19.28 18.11 16.03 19.23 19.78 15.23 16.91 17.73 16.84 16.39 16.70 16.47 18.14 16.53 16.47 18.78 18.56 18.02 18.52 17.28 16.09 15.67 18.30 17.09 18.52 13.92 16.67 17.92 14.73 18.17 16.62 19.58 16.50 16.16 17.86
15.70 16.56 21.20 16.73 17.23 17.95 19.59 18.75 17.81 18.48 19.78 20.34 14.82 16.06 16.83 18.69 18.31 16.92 17.00 15.85 17.12 18.45 16.22 16.02 17.09 16.88 18.94 15.44 16.62 18.98 17.27 15.85 19.30 19.11 16.77 16.97 15.83 15.88 16.62 17.98 16.33 18.03 16.69 17.67 19.19 18.97 17.20 18.19 16.84 15.78 15.65 18.45 16.67 17.98 13.83 14.88 19.12 15.73 16.58 16.47 20.22 16.66 17.25 19.23
17.03 18.50 20.95 16.81 16.14 17.41 19.23 18.23 17.72 19.03 20.56 20.05 15.29 16.22 16.19 18.25 17.55 17.02 16.52 14.84 16.53 19.08 18.42 15.01 17.69 15.46 18.42 15.78 17.12 18.28 17.55 17.62 19.38 19.62 17.56 17.52 15.14 15.21 16.98 17.08 17.89 18.92 18.86 16.80 19.39 18.75 17.06 16.53 17.92 16.78 15.34 18.45 16.28 17.08 14.30 16.81 18.38 15.63 18.97 16.88 17.80 16.77 16.45 19.03
14.82 16.25 19.73 16.86 15.78 17.39 18.58 17.97 15.41 16.70 17.69 18.69 14.48 15.02 15.70 19.00 16.95 16.09 17.31 14.72 16.14 17.73 16.02 13.83 16.64 13.75 17.81 15.90 16.11 17.73 16.44 15.59 17.17 17.91 15.05 16.44 15.10 15.52 15.42 15.48 16.92 17.03 16.17 16.42 17.45 15.62 16.97 16.88 15.85 16.25 16.38 17.56 16.66 16.45 12.23 14.91 17.28 15.57 16.72 16.30 18.42 14.98 16.41 18.89
16.42 18.75 20.27 16.84 16.23 18.00 19.22 18.19 15.98 19.16 19.44 19.50 15.09 15.70 15.28 18.22 15.70 16.06 15.41 15.76 16.08 19.77 17.28 14.43 17.45 16.86 18.31 16.50 16.09 18.30 18.11 16.84 19.47 19.28 17.11 15.62 15.31 16.06 15.84 16.53 16.67 16.83 17.77 16.75 18.44 18.28 17.89 17.92 17.23 15.72 16.28 18.06 16.12 16.33 13.73 15.04 18.66 14.70 17.41 15.81 17.83 17.02 16.80 18.97
15.91 17.61 18.73 15.70 15.20 16.61 18.00 17.34 15.29 17.50 17.08 18.56 12.96 13.86 14.58 17.41 16.67 15.88 15.66 15.22 14.89 17.58 17.12 14.70 15.47 16.23 17.98 13.99 16.55 17.56 15.75 15.31 17.64 17.44 16.70 16.30 15.12 16.17 15.51 15.94 16.12 16.84 16.84 16.97 17.92 17.00 16.70 17.64 15.60 14.55 15.05 16.33 16.61 16.47 13.23 14.20 17.19 14.91 16.06 16.56 18.64 15.16 14.91 16.94
14.95 15.51 17.75 13.86 15.23 15.08 15.70 16.20 14.01 16.59 16.17 17.80 13.08 11.91 14.27 15.90 14.96 14.97 14.02 13.41 13.71 15.75 14.36 14.57 14.95 14.00 16.66 13.41 16.09 15.79 15.19 14.24 17.23 17.61 14.59 13.97 13.51 14.73 14.01 14.59 15.28 15.12 13.97 14.55 16.89 15.47 15.54 15.95 15.77 13.91 14.39 17.19 15.09 15.43 12.22 14.66 16.31 13.51 15.91 14.66 16.92 15.48 13.27 16.28
13.05 13.69 17.42 13.38 15.49 14.18 15.30 15.45 14.04 15.48 15.25 16.17 12.74 12.90 13.51 15.55 14.33 15.06 14.61 14.18 13.65 16.27 15.62 13.43 14.02 14.19 15.63 12.70 15.19 15.27 16.39 13.03 15.41 17.02 12.71 13.17 13.45 13.11 13.61 13.56 12.90 15.15 14.40 14.62 15.26 15.57 15.66 15.25 14.05 12.95 14.07 16.16 14.80 15.58 11.32 13.52 15.97 12.34 13.83 14.09 15.78 13.95 14.46 15.68
18.03 19.50 23.30 18.83 17.78 19.66 20.66 20.23 18.62 19.58 21.27 22.36 16.05 18.00 16.91 20.09 19.88 17.98 19.50 16.16 18.28 20.50 20.00 15.68 19.22 18.45 20.45 15.99 19.94 19.61 21.00 18.83 20.14 20.64 17.52 19.09 16.92 17.25 18.02 18.28 18.19 19.61 19.77 19.38 20.73 19.14 20.02 19.41 18.98 16.70 16.77 19.62 19.11 18.73 15.65 17.31 19.00 17.83 18.64 17.83 20.09 16.75 17.69 20.67
15.59 18.61 20.70 17.58 17.73 18.58 19.16 19.09 17.83 20.45 19.77 20.97 15.73 15.34 16.48 18.48 18.84 18.91 18.17 15.02 17.91 20.39 16.94 15.24 16.83 16.95 19.33 15.68 18.12 19.19 18.52 17.45 18.22 19.61 17.16 16.86 16.56 17.36 17.08 17.69 17.36 19.05 17.84 18.16 19.12 19.08 17.91 18.48 16.86 16.94 16.69 18.70 16.95 17.98 13.76 16.41 19.59 16.72 17.48 19.38 19.77 16.64 17.34 18.47
16.80 17.64 19.88 15.62 16.17 17.62 18.17 17.47 15.44 16.70 17.42 18.73 14.34 14.98 16.86 16.77 16.98 16.36 15.95 14.80 15.63 17.91 15.57 14.42 16.36 14.76 17.05 15.46 16.95 17.05 17.12 15.71 18.48 17.98 16.70 15.87 15.84 16.83 15.45 16.70 15.73 17.06 16.12 17.30 18.97 16.67 16.39 17.31 16.14 16.08 16.23 18.02 16.36 16.62 13.28 15.16 18.28 14.48 15.79 16.30 18.52 16.28 16.14 17.33
16.77 18.14 18.86 16.36 16.75 16.97 17.84 18.02 15.62 17.39 17.73 20.50 14.17 14.95 16.09 17.48 16.64 16.16 16.45 13.57 16.12 17.98 15.11 15.53 15.96 15.45 17.20 16.84 17.12 18.48 17.59 16.88 18.23 17.17 15.55 17.14 15.24 16.16 15.43 15.51 17.09 17.53 15.91 15.93 18.36 16.58 16.81 17.17 15.45 15.58 16.33 17.67 16.08 15.41 13.18 14.27 16.98 15.52 17.09 17.27 17.58 15.43 16.48 17.48
15.35 16.11 18.42 15.37 14.23 16.38 17.48 16.23 16.55 17.92 17.56 17.31 13.70 14.12 15.00 17.69 15.59 14.60 14.12 14.42 15.80 17.11 16.08 13.43 15.05 15.68 17.80 13.98 14.49 16.86 15.02 14.97 18.50 18.19 14.30 16.64 14.23 15.93 15.32 14.45 15.24 16.64 14.76 15.45 17.69 16.86 16.78 15.80 15.99 14.38 14.09 15.98 16.06 15.43 11.77 14.79 16.23 14.17 16.44 14.66 16.81 14.96 15.18 17.09
13.35 16.28 17.80 13.92 16.16 15.52 16.77 15.66 14.51 15.77 17.12 17.59 12.64 13.27 13.62 16.53 14.80 15.59 14.02 13.59 15.50 17.33 15.36 14.34 14.80 14.98 17.78 14.37 15.30 16.69 14.86 14.13 15.92 16.30 13.94 16.28 13.38 14.49 14.87 13.62 14.88 16.20 14.84 16.66 17.00 16.14 16.12 15.61 15.19 14.66 14.82 15.77 15.18 15.23 11.55 13.90 17.02 13.20 15.47 15.82 16.62 14.80 14.88 16.20
